Theta [deg.]  Phi   [deg.]  Abs(Dir.)[dBi   ]   Abs(Theta)[dBi   ]  Phase(Theta)[deg.]  Abs(Phi  )[dBi   ]  Phase(Phi  )[deg.]  Ax.Ratio[dB    ]    
------------------------------------------------------------------------------------------------------------------------------------------------------
   0.000          90.000           1.474e+001          1.474e+001             254.423         -1.086e+002             196.472          4.000e+001     
   1.000          90.000           1.471e+001          1.471e+001             254.764         -1.093e+002             192.815          4.000e+001     
   2.000          90.000           1.460e+001          1.460e+001             255.170         -1.100e+002             188.862          4.000e+001     
   3.000          90.000           1.441e+001          1.441e+001             255.643         -1.108e+002             184.607          4.000e+001     
   4.000          90.000           1.414e+001          1.414e+001             256.188         -1.117e+002             180.068          4.000e+001     
   5.000          90.000           1.377e+001          1.377e+001             256.806         -1.127e+002             175.312          4.000e+001     
   6.000          90.000           1.332e+001          1.332e+001             257.501         -1.137e+002             170.472          4.000e+001     
   7.000          90.000           1.277e+001          1.277e+001             258.276         -1.147e+002             165.775          4.000e+001     
   8.000          90.000           1.213e+001          1.213e+001             259.132         -1.157e+002             161.558          4.000e+001     
   9.000          90.000           1.138e+001          1.138e+001             260.074         -1.167e+002             158.269          4.000e+001     
  10.000          90.000           1.051e+001          1.051e+001             261.102         -1.177e+002             156.455          4.000e+001     
  11.000          90.000           9.529e+000          9.529e+000             262.219         -1.186e+002             156.716          4.000e+001     
  12.000          90.000           8.407e+000          8.407e+000             263.427         -1.195e+002             159.596          4.000e+001     
  13.000          90.000           7.130e+000          7.130e+000             264.725         -1.200e+002             165.302          4.000e+001     
  14.000          90.000           5.675e+000          5.675e+000             266.111         -1.202e+002             173.283          4.000e+001     
  15.000          90.000           4.006e+000          4.006e+000             267.582         -1.199e+002             182.115          4.000e+001     
  16.000          90.000           2.071e+000          2.071e+000             269.124         -1.191e+002             190.194          4.000e+001     
  17.000          90.000          -2.140e-001         -2.140e-001             270.712         -1.182e+002             196.611          4.000e+001     
  18.000          90.000          -2.995e+000         -2.995e+000             272.282         -1.171e+002             201.267          4.000e+001     
  19.000          90.000          -6.567e+000         -6.567e+000             273.662         -1.162e+002             204.460          4.000e+001     
  20.000          90.000          -1.168e+001         -1.168e+001             274.213         -1.154e+002             206.560          4.000e+001     
  21.000          90.000          -2.159e+001         -2.159e+001             268.464         -1.147e+002             207.881          4.000e+001     
  22.000          90.000          -2.320e+001         -2.320e+001             117.326         -1.142e+002             208.649          4.000e+001     
  23.000          90.000          -1.456e+001         -1.456e+001             110.939         -1.139e+002             209.024          4.000e+001     
  24.000          90.000          -1.112e+001         -1.112e+001             112.147         -1.138e+002             209.109          4.000e+001     
  25.000          90.000          -9.280e+000         -9.280e+000             114.624         -1.138e+002             208.972          4.000e+001     
  26.000          90.000          -8.275e+000         -8.275e+000             117.709         -1.141e+002             208.647          4.000e+001     
  27.000          90.000          -7.805e+000         -7.805e+000             121.255         -1.145e+002             208.144          4.000e+001     
  28.000          90.000          -7.728e+000         -7.728e+000             125.245         -1.151e+002             207.449          4.000e+001     
  29.000          90.000          -7.971e+000         -7.971e+000             129.717         -1.159e+002             206.516          4.000e+001     
  30.000          90.000          -8.493e+000         -8.493e+000             134.783         -1.169e+002             205.253          4.000e+001     
  31.000          90.000          -9.275e+000         -9.275e+000             140.589         -1.182e+002             203.496          4.000e+001     
  32.000          90.000          -1.031e+001         -1.031e+001             147.388         -1.198e+002             200.943          4.000e+001     
  33.000          90.000          -1.160e+001         -1.160e+001             155.590         -1.218e+002             197.010          4.000e+001     
  34.000          90.000          -1.313e+001         -1.313e+001             165.869         -1.243e+002             190.484          4.000e+001     
  35.000          90.000          -1.485e+001         -1.485e+001             179.286         -1.272e+002             178.673          4.000e+001     
  36.000          90.000          -1.655e+001         -1.655e+001             197.285         -1.302e+002             156.387          4.000e+001     
  37.000          90.000          -1.776e+001         -1.776e+001             220.432         -1.313e+002             123.242          4.000e+001     
  38.000          90.000          -1.792e+001         -1.792e+001             245.884         -1.299e+002              96.442          4.000e+001     
  39.000          90.000          -1.710e+001         -1.710e+001             268.482         -1.280e+002              82.275          4.000e+001     
  40.000          90.000          -1.587e+001         -1.587e+001             286.085         -1.265e+002              75.446          4.000e+001     
  41.000          90.000          -1.464e+001         -1.464e+001             299.586         -1.255e+002              72.432          4.000e+001     
  42.000          90.000          -1.357e+001         -1.357e+001             310.373         -1.249e+002              71.675          4.000e+001     
  43.000          90.000          -1.268e+001         -1.268e+001             319.422         -1.246e+002              72.503          4.000e+001     
  44.000          90.000          -1.197e+001         -1.197e+001             327.358         -1.247e+002              74.646          4.000e+001     
  45.000          90.000          -1.141e+001         -1.141e+001             334.554         -1.249e+002              78.042          4.000e+001     
  46.000          90.000          -1.098e+001         -1.098e+001             341.241         -1.254e+002              82.756          4.000e+001     
  47.000          90.000          -1.066e+001         -1.066e+001             347.568         -1.259e+002              88.925          4.000e+001     
  48.000          90.000          -1.045e+001         -1.045e+001             353.635         -1.266e+002              96.697          4.000e+001     
  49.000          90.000          -1.032e+001         -1.032e+001             359.511         -1.272e+002             106.130          4.000e+001     
  50.000          90.000          -1.028e+001         -1.028e+001               5.250         -1.277e+002             117.036          4.000e+001     
  51.000          90.000          -1.030e+001         -1.030e+001              10.891         -1.280e+002             128.879          4.000e+001     
  52.000          90.000          -1.039e+001         -1.039e+001              16.471         -1.281e+002             140.850          4.000e+001     
  53.000          90.000          -1.054e+001         -1.054e+001              22.022         -1.279e+002             152.181          4.000e+001     
  54.000          90.000          -1.074e+001         -1.074e+001              27.574         -1.276e+002             162.419          4.000e+001     
  55.000          90.000          -1.099e+001         -1.099e+001              33.160         -1.273e+002             171.466          4.000e+001     
  56.000          90.000          -1.129e+001         -1.129e+001              38.809         -1.270e+002             179.456          4.000e+001     
  57.000          90.000          -1.163e+001         -1.163e+001              44.551         -1.267e+002             186.614          4.000e+001     
  58.000          90.000          -1.199e+001         -1.199e+001              50.418         -1.265e+002             193.175          4.000e+001     
  59.000          90.000          -1.238e+001         -1.238e+001              56.436         -1.264e+002             199.349          4.000e+001     
  60.000          90.000          -1.279e+001         -1.279e+001              62.627         -1.264e+002             205.304          4.000e+001     
  61.000          90.000          -1.320e+001         -1.320e+001              69.005         -1.264e+002             211.172          4.000e+001     
  62.000          90.000          -1.361e+001         -1.361e+001              75.571         -1.264e+002             217.051          4.000e+001     
  63.000          90.000          -1.400e+001         -1.400e+001              82.312         -1.265e+002             222.999          4.000e+001     
  64.000          90.000          -1.436e+001         -1.436e+001              89.191         -1.266e+002             229.042          4.000e+001     
  65.000          90.000          -1.468e+001         -1.468e+001              96.152         -1.267e+002             235.164          4.000e+001     
  66.000          90.000          -1.495e+001         -1.495e+001             103.121         -1.268e+002             241.320          4.000e+001     
  67.000          90.000          -1.517e+001         -1.517e+001             110.008         -1.268e+002             247.434          4.000e+001     
  68.000          90.000          -1.533e+001         -1.533e+001             116.718         -1.268e+002             253.413          4.000e+001     
  69.000          90.000          -1.544e+001         -1.544e+001             123.165         -1.268e+002             259.162          4.000e+001     
  70.000          90.000          -1.550e+001         -1.550e+001             129.271         -1.267e+002             264.597          4.000e+001     
  71.000          90.000          -1.553e+001         -1.553e+001             134.982         -1.266e+002             269.657          4.000e+001     
  72.000          90.000          -1.553e+001         -1.553e+001             140.259         -1.265e+002             274.287          4.000e+001     
  73.000          90.000          -1.550e+001         -1.550e+001             145.086         -1.264e+002             278.475          4.000e+001     
  74.000          90.000          -1.547e+001         -1.547e+001             149.461         -1.263e+002             282.220          4.000e+001     
  75.000          90.000          -1.543e+001         -1.543e+001             153.392         -1.262e+002             285.535          4.000e+001     
  76.000          90.000          -1.539e+001         -1.539e+001             156.896         -1.261e+002             288.444          4.000e+001     
  77.000          90.000          -1.536e+001         -1.536e+001             159.991         -1.260e+002             290.972          4.000e+001     
  78.000          90.000          -1.533e+001         -1.533e+001             162.699         -1.259e+002             293.149          4.000e+001     
  79.000          90.000          -1.532e+001         -1.532e+001             165.040         -1.259e+002             295.002          4.000e+001     
  80.000          90.000          -1.531e+001         -1.531e+001             167.035         -1.259e+002             296.558          4.000e+001     
  81.000          90.000          -1.532e+001         -1.532e+001             168.700         -1.259e+002             297.840          4.000e+001     
  82.000          90.000          -1.534e+001         -1.534e+001             170.053         -1.259e+002             298.869          4.000e+001     
  83.000          90.000          -1.537e+001         -1.537e+001             171.105         -1.259e+002             299.664          4.000e+001     
  84.000          90.000          -1.541e+001         -1.541e+001             171.871         -1.260e+002             300.240          4.000e+001     
  85.000          90.000          -1.545e+001         -1.545e+001             172.360         -1.261e+002             300.610          4.000e+001     
  86.000          90.000          -1.551e+001         -1.551e+001             172.582         -1.262e+002             300.784          4.000e+001     
  87.000          90.000          -1.557e+001         -1.557e+001             172.547         -1.264e+002             300.771          4.000e+001     
  88.000          90.000          -1.563e+001         -1.563e+001             172.261         -1.266e+002             300.576          4.000e+001     
  89.000          90.000          -1.570e+001         -1.570e+001             171.734         -1.268e+002             300.203          4.000e+001     
  90.000          90.000          -1.576e+001         -1.576e+001             170.974         -1.270e+002             299.653          4.000e+001     
  91.000          90.000          -1.583e+001         -1.583e+001             169.990         -1.272e+002             298.924          4.000e+001     
  92.000          90.000          -1.590e+001         -1.590e+001             168.791         -1.275e+002             298.010          4.000e+001     
  93.000          90.000          -1.596e+001         -1.596e+001             167.389         -1.278e+002             296.902          4.000e+001     
  94.000          90.000          -1.602e+001         -1.602e+001             165.795         -1.282e+002             295.586          4.000e+001     
  95.000          90.000          -1.607e+001         -1.607e+001             164.022         -1.286e+002             294.040          4.000e+001     
  96.000          90.000          -1.612e+001         -1.612e+001             162.084         -1.290e+002             292.236          4.000e+001     
  97.000          90.000          -1.616e+001         -1.616e+001             159.995         -1.295e+002             290.132          4.000e+001     
  98.000          90.000          -1.620e+001         -1.620e+001             157.770         -1.301e+002             287.669          4.000e+001     
  99.000          90.000          -1.624e+001         -1.624e+001             155.422         -1.307e+002             284.768          4.000e+001     
 100.000          90.000          -1.627e+001         -1.627e+001             152.966         -1.314e+002             281.316          4.000e+001     
 101.000          90.000          -1.631e+001         -1.631e+001             150.413         -1.322e+002             277.153          4.000e+001     
 102.000          90.000          -1.635e+001         -1.635e+001             147.772         -1.331e+002             272.056          4.000e+001     
 103.000          90.000          -1.640e+001         -1.640e+001             145.052         -1.340e+002             265.716          4.000e+001     
 104.000          90.000          -1.646e+001         -1.646e+001             142.254         -1.350e+002             257.734          4.000e+001     
 105.000          90.000          -1.653e+001         -1.653e+001             139.379         -1.360e+002             247.666          4.000e+001     
 106.000          90.000          -1.663e+001         -1.663e+001             136.421         -1.368e+002             235.234          4.000e+001     
 107.000          90.000          -1.675e+001         -1.675e+001             133.367         -1.372e+002             220.756          4.000e+001     
 108.000          90.000          -1.690e+001         -1.690e+001             130.201         -1.372e+002             205.474          4.000e+001     
 109.000          90.000          -1.709e+001         -1.709e+001             126.897         -1.367e+002             191.095          4.000e+001     
 110.000          90.000          -1.731e+001         -1.731e+001             123.418         -1.359e+002             178.771          4.000e+001     
 111.000          90.000          -1.759e+001         -1.759e+001             119.720         -1.350e+002             168.757          4.000e+001     
 112.000          90.000          -1.792e+001         -1.792e+001             115.741         -1.340e+002             160.729          4.000e+001     
 113.000          90.000          -1.830e+001         -1.830e+001             111.403         -1.332e+002             154.236          4.000e+001     
 114.000          90.000          -1.874e+001         -1.874e+001             106.607         -1.325e+002             148.874          4.000e+001     
 115.000          90.000          -1.924e+001         -1.924e+001             101.225         -1.320e+002             144.329          4.000e+001     
 116.000          90.000          -1.979e+001         -1.979e+001              95.105         -1.315e+002             140.366          4.000e+001     
 117.000          90.000          -2.038e+001         -2.038e+001              88.069         -1.313e+002             136.804          4.000e+001     
 118.000          90.000          -2.097e+001         -2.097e+001              79.938         -1.312e+002             133.497          4.000e+001     
 119.000          90.000          -2.153e+001         -2.153e+001              70.583         -1.313e+002             130.312          4.000e+001     
 120.000          90.000          -2.197e+001         -2.197e+001              60.015         -1.316e+002             127.113          4.000e+001     
 121.000          90.000          -2.223e+001         -2.223e+001              48.493         -1.322e+002             123.730          4.000e+001     
 122.000          90.000          -2.226e+001         -2.226e+001              36.548         -1.330e+002             119.913          4.000e+001     
 123.000          90.000          -2.206e+001         -2.206e+001              24.853         -1.342e+002             115.238          4.000e+001     
 124.000          90.000          -2.168e+001         -2.168e+001              13.981         -1.358e+002             108.869          4.000e+001     
 125.000          90.000          -2.120e+001         -2.120e+001               4.236         -1.380e+002              98.917          4.000e+001     
 126.000          90.000          -2.069e+001         -2.069e+001             355.655         -1.408e+002              80.722          4.000e+001     
 127.000          90.000          -2.022e+001         -2.022e+001             348.109         -1.429e+002              46.534          4.000e+001     
 128.000          90.000          -1.984e+001         -1.984e+001             341.392         -1.414e+002               7.935          4.000e+001     
 129.000          90.000          -1.957e+001         -1.957e+001             335.284         -1.383e+002             345.784          4.000e+001     
 130.000          90.000          -1.944e+001         -1.944e+001             329.569         -1.356e+002             334.744          4.000e+001     
 131.000          90.000          -1.945e+001         -1.945e+001             324.032         -1.336e+002             328.781          4.000e+001     
 132.000          90.000          -1.963e+001         -1.963e+001             318.454         -1.320e+002             325.446          4.000e+001     
 133.000          90.000          -1.998e+001         -1.998e+001             312.583         -1.309e+002             323.771          4.000e+001     
 134.000          90.000          -2.051e+001         -2.051e+001             306.107         -1.301e+002             323.385          4.000e+001     
 135.000          90.000          -2.124e+001         -2.124e+001             298.610         -1.297e+002             324.212          4.000e+001     
 136.000          90.000          -2.213e+001         -2.213e+001             289.524         -1.294e+002             326.372          4.000e+001     
 137.000          90.000          -2.313e+001         -2.313e+001             278.120         -1.294e+002             330.155          4.000e+001     
 138.000          90.000          -2.407e+001         -2.407e+001             263.705         -1.296e+002             335.996          4.000e+001     
 139.000          90.000          -2.467e+001         -2.467e+001             246.317         -1.298e+002             344.360          4.000e+001     
 140.000          90.000          -2.468e+001         -2.468e+001             227.634         -1.299e+002             355.407          4.000e+001     
 141.000          90.000          -2.409e+001         -2.409e+001             210.360         -1.296e+002               8.347          4.000e+001     
 142.000          90.000          -2.318e+001         -2.318e+001             196.145         -1.288e+002              21.325          4.000e+001     
 143.000          90.000          -2.226e+001         -2.226e+001             185.008         -1.275e+002              32.475          4.000e+001     
 144.000          90.000          -2.148e+001         -2.148e+001             176.242         -1.262e+002              41.010          4.000e+001     
 145.000          90.000          -2.093e+001         -2.093e+001             169.107         -1.248e+002              47.092          4.000e+001     
 146.000          90.000          -2.065e+001         -2.065e+001             163.003         -1.236e+002              51.236          4.000e+001     
 147.000          90.000          -2.066e+001         -2.066e+001             157.474         -1.225e+002              53.937          4.000e+001     
 148.000          90.000          -2.100e+001         -2.100e+001             152.108         -1.216e+002              55.588          4.000e+001     
 149.000          90.000          -2.169e+001         -2.169e+001             146.458         -1.209e+002              56.474          4.000e+001     
 150.000          90.000          -2.280e+001         -2.280e+001             139.893         -1.204e+002              56.804          4.000e+001     
 151.000          90.000          -2.441e+001         -2.441e+001             131.295         -1.201e+002              56.738          4.000e+001     
 152.000          90.000          -2.659e+001         -2.659e+001             118.305         -1.200e+002              56.410          4.000e+001     
 153.000          90.000          -2.909e+001         -2.909e+001              95.999         -1.202e+002              55.948          4.000e+001     
 154.000          90.000          -3.029e+001         -3.029e+001              60.598         -1.205e+002              55.488          4.000e+001     
 155.000          90.000          -2.862e+001         -2.862e+001              27.152         -1.212e+002              55.217          4.000e+001     
 156.000          90.000          -2.608e+001         -2.608e+001               7.199         -1.222e+002              55.429          4.000e+001     
 157.000          90.000          -2.397e+001         -2.397e+001             355.670         -1.237e+002              56.685          4.000e+001     
 158.000          90.000          -2.245e+001         -2.245e+001             348.164         -1.259e+002              60.283          4.000e+001     
 159.000          90.000          -2.145e+001         -2.145e+001             342.658         -1.291e+002              70.097          4.000e+001     
 160.000          90.000          -2.090e+001         -2.090e+001             338.195         -1.332e+002              99.890          4.000e+001     
 161.000          90.000          -2.077e+001         -2.077e+001             334.249         -1.324e+002             154.353          4.000e+001     
 162.000          90.000          -2.105e+001         -2.105e+001             330.462         -1.277e+002             180.185          4.000e+001     
 163.000          90.000          -2.175e+001         -2.175e+001             326.511         -1.241e+002             188.810          4.000e+001     
 164.000          90.000          -2.295e+001         -2.295e+001             321.989         -1.214e+002             192.040          4.000e+001     
 165.000          90.000          -2.473e+001         -2.473e+001             316.200         -1.194e+002             193.176          4.000e+001     
 166.000          90.000          -2.731e+001         -2.731e+001             307.596         -1.179e+002             193.357          4.000e+001     
 167.000          90.000          -3.094e+001         -3.094e+001             291.813         -1.167e+002             193.075          4.000e+001     
 168.000          90.000          -3.502e+001         -3.502e+001             255.920         -1.159e+002             192.579          4.000e+001     
 169.000          90.000          -3.455e+001         -3.455e+001             203.187         -1.153e+002             192.018          4.000e+001     
 170.000          90.000          -3.128e+001         -3.128e+001             174.680         -1.150e+002             191.487          4.000e+001     
 171.000          90.000          -2.901e+001         -2.901e+001             160.470         -1.150e+002             191.067          4.000e+001     
 172.000          90.000          -2.782e+001         -2.782e+001             150.525         -1.153e+002             190.833          4.000e+001     
 173.000          90.000          -2.751e+001         -2.751e+001             141.095         -1.159e+002             190.883          4.000e+001     
 174.000          90.000          -2.794e+001         -2.794e+001             129.719         -1.169e+002             191.379          4.000e+001     
 175.000          90.000          -2.892e+001         -2.892e+001             113.345         -1.185e+002             192.649          4.000e+001     
 176.000          90.000          -2.976e+001         -2.976e+001              88.447         -1.211e+002             195.560          4.000e+001     
 177.000          90.000          -2.906e+001         -2.906e+001              57.868         -1.253e+002             203.425          4.000e+001     
 178.000          90.000          -2.678e+001         -2.678e+001              33.219         -1.332e+002             242.351          4.000e+001     
 179.000          90.000          -2.423e+001         -2.423e+001              17.729         -1.287e+002             332.498          4.000e+001     
 180.000          90.000          -2.208e+001         -2.208e+001               8.114         -1.221e+002             349.568          4.000e+001     
-179.000          90.000          -2.040e+001         -2.040e+001               1.748         -1.182e+002             354.913          4.000e+001     
-178.000          90.000          -1.917e+001         -1.917e+001             357.241         -1.156e+002             357.656          4.000e+001     
-177.000          90.000          -1.834e+001         -1.834e+001             353.869         -1.137e+002             359.492          4.000e+001     
-176.000          90.000          -1.788e+001         -1.788e+001             351.228         -1.122e+002               0.953          4.000e+001     
-175.000          90.000          -1.778e+001         -1.778e+001             349.080         -1.112e+002               2.261          4.000e+001     
-174.000          90.000          -1.804e+001         -1.804e+001             347.267         -1.104e+002               3.525          4.000e+001     
-173.000          90.000          -1.870e+001         -1.870e+001             345.674         -1.099e+002               4.809          4.000e+001     
-172.000          90.000          -1.981e+001         -1.981e+001             344.197         -1.096e+002               6.155          4.000e+001     
-171.000          90.000          -2.149e+001         -2.149e+001             342.706         -1.096e+002               7.598          4.000e+001     
-170.000          90.000          -2.399e+001         -2.399e+001             340.955         -1.097e+002               9.173          4.000e+001     
-169.000          90.000          -2.790e+001         -2.790e+001             338.198         -1.101e+002              10.923          4.000e+001     
-168.000          90.000          -3.541e+001         -3.541e+001             329.811         -1.108e+002              12.910          4.000e+001     
-167.000          90.000          -4.251e+001         -4.251e+001             194.308         -1.117e+002              15.230          4.000e+001     
-166.000          90.000          -3.118e+001         -3.118e+001             170.482         -1.129e+002              18.053          4.000e+001     
-165.000          90.000          -2.685e+001         -2.685e+001             166.990         -1.145e+002              21.704          4.000e+001     
-164.000          90.000          -2.452e+001         -2.452e+001             165.662         -1.167e+002              26.892          4.000e+001     
-163.000          90.000          -2.324e+001         -2.324e+001             165.117         -1.197e+002              35.455          4.000e+001     
-162.000          90.000          -2.269e+001         -2.269e+001             165.053         -1.238e+002              53.380          4.000e+001     
-161.000          90.000          -2.273e+001         -2.273e+001             165.427         -1.276e+002              98.467          4.000e+001     
-160.000          90.000          -2.336e+001         -2.336e+001             166.339         -1.250e+002             148.867          4.000e+001     
-159.000          90.000          -2.462e+001         -2.462e+001             168.084         -1.212e+002             169.758          4.000e+001     
-158.000          90.000          -2.670e+001         -2.670e+001             171.418         -1.185e+002             179.322          4.000e+001     
-157.000          90.000          -3.003e+001         -3.003e+001             178.705         -1.167e+002             184.983          4.000e+001     
-156.000          90.000          -3.544e+001         -3.544e+001             200.767         -1.154e+002             188.944          4.000e+001     
-155.000          90.000          -3.787e+001         -3.787e+001             271.914         -1.146e+002             192.025          4.000e+001     
-154.000          90.000          -3.199e+001         -3.199e+001             310.341         -1.142e+002             194.594          4.000e+001     
-153.000          90.000          -2.806e+001         -2.806e+001             321.289         -1.140e+002             196.838          4.000e+001     
-152.000          90.000          -2.563e+001         -2.563e+001             326.163         -1.142e+002             198.864          4.000e+001     
-151.000          90.000          -2.411e+001         -2.411e+001             329.042         -1.146e+002             200.737          4.000e+001     
-150.000          90.000          -2.324e+001         -2.324e+001             331.133         -1.152e+002             202.499          4.000e+001     
-149.000          90.000          -2.288e+001         -2.288e+001             332.925         -1.162e+002             204.180          4.000e+001     
-148.000          90.000          -2.298e+001         -2.298e+001             334.712         -1.176e+002             205.806          4.000e+001     
-147.000          90.000          -2.353e+001         -2.353e+001             336.759         -1.194e+002             207.403          4.000e+001     
-146.000          90.000          -2.460e+001         -2.460e+001             339.423         -1.220e+002             209.007          4.000e+001     
-145.000          90.000          -2.628e+001         -2.628e+001             343.360         -1.258e+002             210.718          4.000e+001     
-144.000          90.000          -2.880e+001         -2.880e+001             350.227         -1.327e+002             213.037          4.000e+001     
-143.000          90.000          -3.253e+001         -3.253e+001               5.210         -1.475e+002              23.686          4.000e+001     
-142.000          90.000          -3.657e+001         -3.657e+001              45.887         -1.304e+002              32.905          4.000e+001     
-141.000          90.000          -3.430e+001         -3.430e+001              99.518         -1.254e+002              34.841          4.000e+001     
-140.000          90.000          -3.004e+001         -3.004e+001             121.491         -1.225e+002              36.414          4.000e+001     
-139.000          90.000          -2.704e+001         -2.704e+001             130.480         -1.206e+002              37.889          4.000e+001     
-138.000          90.000          -2.497e+001         -2.497e+001             135.212         -1.193e+002              39.333          4.000e+001     
-137.000          90.000          -2.355e+001         -2.355e+001             138.139         -1.184e+002              40.772          4.000e+001     
-136.000          90.000          -2.259e+001         -2.259e+001             140.165         -1.178e+002              42.224          4.000e+001     
-135.000          90.000          -2.200e+001         -2.200e+001             141.683         -1.175e+002              43.702          4.000e+001     
-134.000          90.000          -2.173e+001         -2.173e+001             142.890         -1.173e+002              45.221          4.000e+001     
-133.000          90.000          -2.176e+001         -2.176e+001             143.896         -1.174e+002              46.795          4.000e+001     
-132.000          90.000          -2.206e+001         -2.206e+001             144.764         -1.176e+002              48.440          4.000e+001     
-131.000          90.000          -2.266e+001         -2.266e+001             145.530         -1.179e+002              50.176          4.000e+001     
-130.000          90.000          -2.359e+001         -2.359e+001             146.209         -1.184e+002              52.030          4.000e+001     
-129.000          90.000          -2.491e+001         -2.491e+001             146.793         -1.191e+002              54.031          4.000e+001     
-128.000          90.000          -2.675e+001         -2.675e+001             147.230         -1.198e+002              56.221          4.000e+001     
-127.000          90.000          -2.939e+001         -2.939e+001             147.360         -1.207e+002              58.654          4.000e+001     
-126.000          90.000          -3.354e+001         -3.354e+001             146.571         -1.218e+002              61.401          4.000e+001     
-125.000          90.000          -4.223e+001         -4.223e+001             139.871         -1.229e+002              64.564          4.000e+001     
-124.000          90.000          -4.410e+001         -4.410e+001             347.840         -1.242e+002              68.280          4.000e+001     
-123.000          90.000          -3.417e+001         -3.417e+001             338.645         -1.257e+002              72.747          4.000e+001     
-122.000          90.000          -2.972e+001         -2.972e+001             337.880         -1.273e+002              78.243          4.000e+001     
-121.000          90.000          -2.689e+001         -2.689e+001             338.317         -1.289e+002              85.151          4.000e+001     
-120.000          90.000          -2.488e+001         -2.488e+001             339.206         -1.307e+002              93.965          4.000e+001     
-119.000          90.000          -2.335e+001         -2.335e+001             340.364         -1.324e+002             105.169          4.000e+001     
-118.000          90.000          -2.216e+001         -2.216e+001             341.724         -1.339e+002             118.877          4.000e+001     
-117.000          90.000          -2.121e+001         -2.121e+001             343.261         -1.350e+002             134.248          4.000e+001     
-116.000          90.000          -2.044e+001         -2.044e+001             344.963         -1.355e+002             149.430          4.000e+001     
-115.000          90.000          -1.982e+001         -1.982e+001             346.829         -1.356e+002             162.650          4.000e+001     
-114.000          90.000          -1.930e+001         -1.930e+001             348.855         -1.354e+002             173.190          4.000e+001     
-113.000          90.000          -1.888e+001         -1.888e+001             351.043         -1.353e+002             181.223          4.000e+001     
-112.000          90.000          -1.853e+001         -1.853e+001             353.389         -1.352e+002             187.222          4.000e+001     
-111.000          90.000          -1.823e+001         -1.823e+001             355.888         -1.352e+002             191.633          4.000e+001     
-110.000          90.000          -1.797e+001         -1.797e+001             358.533         -1.354e+002             194.779          4.000e+001     
-109.000          90.000          -1.775e+001         -1.775e+001               1.313         -1.357e+002             196.849          4.000e+001     
-108.000          90.000          -1.754e+001         -1.754e+001               4.206         -1.362e+002             197.968          4.000e+001     
-107.000          90.000          -1.734e+001         -1.734e+001               7.194         -1.367e+002             198.138          4.000e+001     
-106.000          90.000          -1.715e+001         -1.715e+001              10.252         -1.374e+002             197.298          4.000e+001     
-105.000          90.000          -1.695e+001         -1.695e+001              13.352         -1.382e+002             195.317          4.000e+001     
-104.000          90.000          -1.674e+001         -1.674e+001              16.464         -1.390e+002             192.012          4.000e+001     
-103.000          90.000          -1.652e+001         -1.652e+001              19.558         -1.398e+002             187.182          4.000e+001     
-102.000          90.000          -1.629e+001         -1.629e+001              22.606         -1.405e+002             180.715          4.000e+001     
-101.000          90.000          -1.604e+001         -1.604e+001              25.581         -1.410e+002             172.758          4.000e+001     
-100.000          90.000          -1.578e+001         -1.578e+001              28.461         -1.413e+002             163.886          4.000e+001     
 -99.000          90.000          -1.551e+001         -1.551e+001              31.229         -1.411e+002             155.031          4.000e+001     
 -98.000          90.000          -1.522e+001         -1.522e+001              33.872         -1.407e+002             147.120          4.000e+001     
 -97.000          90.000          -1.492e+001         -1.492e+001              36.382         -1.401e+002             140.709          4.000e+001     
 -96.000          90.000          -1.462e+001         -1.462e+001              38.753         -1.393e+002             135.923          4.000e+001     
 -95.000          90.000          -1.431e+001         -1.431e+001              40.987         -1.385e+002             132.617          4.000e+001     
 -94.000          90.000          -1.399e+001         -1.399e+001              43.085         -1.377e+002             130.550          4.000e+001     
 -93.000          90.000          -1.367e+001         -1.367e+001              45.052         -1.369e+002             129.479          4.000e+001     
 -92.000          90.000          -1.335e+001         -1.335e+001              46.894         -1.361e+002             129.195          4.000e+001     
 -91.000          90.000          -1.304e+001         -1.304e+001              48.621         -1.354e+002             129.532          4.000e+001     
 -90.000          90.000          -1.272e+001         -1.272e+001              50.239         -1.347e+002             130.358          4.000e+001     
 -89.000          90.000          -1.241e+001         -1.241e+001              51.759         -1.341e+002             131.568          4.000e+001     
 -88.000          90.000          -1.211e+001         -1.211e+001              53.188         -1.334e+002             133.079          4.000e+001     
 -87.000          90.000          -1.181e+001         -1.181e+001              54.537         -1.328e+002             134.824          4.000e+001     
 -86.000          90.000          -1.152e+001         -1.152e+001              55.813         -1.322e+002             136.749          4.000e+001     
 -85.000          90.000          -1.125e+001         -1.125e+001              57.025         -1.316e+002             138.807          4.000e+001     
 -84.000          90.000          -1.098e+001         -1.098e+001              58.182         -1.310e+002             140.961          4.000e+001     
 -83.000          90.000          -1.073e+001         -1.073e+001              59.293         -1.304e+002             143.180          4.000e+001     
 -82.000          90.000          -1.049e+001         -1.049e+001              60.364         -1.298e+002             145.440          4.000e+001     
 -81.000          90.000          -1.027e+001         -1.027e+001              61.405         -1.292e+002             147.719          4.000e+001     
 -80.000          90.000          -1.006e+001         -1.006e+001              62.422         -1.287e+002             150.003          4.000e+001     
 -79.000          90.000          -9.883e+000         -9.883e+000              63.426         -1.281e+002             152.278          4.000e+001     
 -78.000          90.000          -9.725e+000         -9.725e+000              64.423         -1.276e+002             154.536          4.000e+001     
 -77.000          90.000          -9.593e+000         -9.593e+000              65.424         -1.270e+002             156.770          4.000e+001     
 -76.000          90.000          -9.489e+000         -9.489e+000              66.440         -1.265e+002             158.977          4.000e+001     
 -75.000          90.000          -9.417e+000         -9.417e+000              67.481         -1.259e+002             161.154          4.000e+001     
 -74.000          90.000          -9.380e+000         -9.380e+000              68.561         -1.254e+002             163.301          4.000e+001     
 -73.000          90.000          -9.383e+000         -9.383e+000              69.695         -1.249e+002             165.418          4.000e+001     
 -72.000          90.000          -9.429e+000         -9.429e+000              70.903         -1.244e+002             167.507          4.000e+001     
 -71.000          90.000          -9.523e+000         -9.523e+000              72.208         -1.240e+002             169.568          4.000e+001     
 -70.000          90.000          -9.671e+000         -9.671e+000              73.638         -1.235e+002             171.605          4.000e+001     
 -69.000          90.000          -9.879e+000         -9.879e+000              75.232         -1.231e+002             173.617          4.000e+001     
 -68.000          90.000          -1.015e+001         -1.015e+001              77.038         -1.226e+002             175.607          4.000e+001     
 -67.000          90.000          -1.050e+001         -1.050e+001              79.121         -1.222e+002             177.575          4.000e+001     
 -66.000          90.000          -1.094e+001         -1.094e+001              81.570         -1.218e+002             179.524          4.000e+001     
 -65.000          90.000          -1.147e+001         -1.147e+001              84.508         -1.214e+002             181.452          4.000e+001     
 -64.000          90.000          -1.210e+001         -1.210e+001              88.110         -1.211e+002             183.359          4.000e+001     
 -63.000          90.000          -1.283e+001         -1.283e+001              92.623         -1.207e+002             185.243          4.000e+001     
 -62.000          90.000          -1.367e+001         -1.367e+001              98.399         -1.204e+002             187.104          4.000e+001     
 -61.000          90.000          -1.458e+001         -1.458e+001             105.919         -1.201e+002             188.937          4.000e+001     
 -60.000          90.000          -1.549e+001         -1.549e+001             115.745         -1.198e+002             190.740          4.000e+001     
 -59.000          90.000          -1.624e+001         -1.624e+001             128.282         -1.195e+002             192.510          4.000e+001     
 -58.000          90.000          -1.659e+001         -1.659e+001             143.175         -1.193e+002             194.246          4.000e+001     
 -57.000          90.000          -1.636e+001         -1.636e+001             158.836         -1.191e+002             195.941          4.000e+001     
 -56.000          90.000          -1.559e+001         -1.559e+001             173.134         -1.189e+002             197.594          4.000e+001     
 -55.000          90.000          -1.451e+001         -1.451e+001             184.821         -1.187e+002             199.202          4.000e+001     
 -54.000          90.000          -1.333e+001         -1.333e+001             193.830         -1.186e+002             200.766          4.000e+001     
 -53.000          90.000          -1.220e+001         -1.220e+001             200.652         -1.185e+002             202.286          4.000e+001     
 -52.000          90.000          -1.118e+001         -1.118e+001             205.835         -1.185e+002             203.764          4.000e+001     
 -51.000          90.000          -1.031e+001         -1.031e+001             209.817         -1.185e+002             205.206          4.000e+001     
 -50.000          90.000          -9.584e+000         -9.584e+000             212.911         -1.186e+002             206.622          4.000e+001     
 -49.000          90.000          -9.015e+000         -9.015e+000             215.330         -1.188e+002             208.026          4.000e+001     
 -48.000          90.000          -8.603e+000         -8.603e+000             217.219         -1.191e+002             209.437          4.000e+001     
 -47.000          90.000          -8.352e+000         -8.352e+000             218.670         -1.194e+002             210.886          4.000e+001     
 -46.000          90.000          -8.271e+000         -8.271e+000             219.737         -1.199e+002             212.419          4.000e+001     
 -45.000          90.000          -8.373e+000         -8.373e+000             220.442         -1.205e+002             214.106          4.000e+001     
 -44.000          90.000          -8.680e+000         -8.680e+000             220.767         -1.214e+002             216.063          4.000e+001     
 -43.000          90.000          -9.226e+000         -9.226e+000             220.649         -1.225e+002             218.494          4.000e+001     
 -42.000          90.000          -1.006e+001         -1.006e+001             219.945         -1.239e+002             221.789          4.000e+001     
 -41.000          90.000          -1.127e+001         -1.127e+001             218.352         -1.258e+002             226.797          4.000e+001     
 -40.000          90.000          -1.300e+001         -1.300e+001             215.189         -1.285e+002             235.721          4.000e+001     
 -39.000          90.000          -1.548e+001         -1.548e+001             208.687         -1.321e+002             255.384          4.000e+001     
 -38.000          90.000          -1.907e+001         -1.907e+001             193.136         -1.344e+002             300.267          4.000e+001     
 -37.000          90.000          -2.245e+001         -2.245e+001             151.236         -1.312e+002             342.658          4.000e+001     
 -36.000          90.000          -1.959e+001         -1.959e+001             101.865         -1.273e+002               0.515          4.000e+001     
 -35.000          90.000          -1.520e+001         -1.520e+001              81.952         -1.243e+002               8.489          4.000e+001     
 -34.000          90.000          -1.195e+001         -1.195e+001              73.794         -1.220e+002              12.689          4.000e+001     
 -33.000          90.000          -9.559e+000         -9.559e+000              69.619         -1.202e+002              15.099          4.000e+001     
 -32.000          90.000          -7.748e+000         -7.748e+000              67.127         -1.188e+002              16.485          4.000e+001     
 -31.000          90.000          -6.367e+000         -6.367e+000              65.454         -1.177e+002              17.188          4.000e+001     
 -30.000          90.000          -5.332e+000         -5.332e+000              64.202         -1.169e+002              17.363          4.000e+001     
 -29.000          90.000          -4.599e+000         -4.599e+000              63.152         -1.163e+002              17.074          4.000e+001     
 -28.000          90.000          -4.149e+000         -4.149e+000              62.155         -1.159e+002              16.320          4.000e+001     
 -27.000          90.000          -3.981e+000         -3.981e+000              61.085         -1.158e+002              15.049          4.000e+001     
 -26.000          90.000          -4.119e+000         -4.119e+000              59.793         -1.158e+002              13.146          4.000e+001     
 -25.000          90.000          -4.615e+000         -4.615e+000              58.064         -1.161e+002              10.410          4.000e+001     
 -24.000          90.000          -5.561e+000         -5.561e+000              55.497         -1.166e+002               6.500          4.000e+001     
 -23.000          90.000          -7.136e+000         -7.136e+000              51.198         -1.174e+002               0.834          4.000e+001     
 -22.000          90.000          -9.681e+000         -9.681e+000              42.632         -1.185e+002             352.430          4.000e+001     
 -21.000          90.000          -1.360e+001         -1.360e+001              20.243         -1.196e+002             339.749          4.000e+001     
 -20.000          90.000          -1.510e+001         -1.510e+001             322.378         -1.205e+002             321.300          4.000e+001     
 -19.000          90.000          -9.781e+000         -9.781e+000             282.779         -1.204e+002             298.491          4.000e+001     
 -18.000          90.000          -5.140e+000         -5.140e+000             269.346         -1.192e+002             277.181          4.000e+001     
 -17.000          90.000          -1.701e+000         -1.701e+000             263.425         -1.173e+002             261.370          4.000e+001     
 -16.000          90.000           9.878e-001          9.878e-001             260.196         -1.153e+002             250.540          4.000e+001     
 -15.000          90.000           3.183e+000          3.183e+000             258.197         -1.136e+002             242.988          4.000e+001     
 -14.000          90.000           5.028e+000          5.028e+000             256.857         -1.121e+002             237.443          4.000e+001     
 -13.000          90.000           6.606e+000          6.606e+000             255.912         -1.108e+002             233.133          4.000e+001     
 -12.000          90.000           7.972e+000          7.972e+000             255.221         -1.098e+002             229.594          4.000e+001     
 -11.000          90.000           9.161e+000          9.161e+000             254.706         -1.089e+002             226.544          4.000e+001     
 -10.000          90.000           1.020e+001          1.020e+001             254.321         -1.082e+002             223.798          4.000e+001     
  -9.000          90.000           1.111e+001          1.111e+001             254.037         -1.077e+002             221.235          4.000e+001     
  -8.000          90.000           1.189e+001          1.189e+001             253.834         -1.073e+002             218.766          4.000e+001     
  -7.000          90.000           1.257e+001          1.257e+001             253.701         -1.070e+002             216.327          4.000e+001     
  -6.000          90.000           1.315e+001          1.315e+001             253.631         -1.069e+002             213.866          4.000e+001     
  -5.000          90.000           1.363e+001          1.363e+001             253.620         -1.069e+002             211.341          4.000e+001     
  -4.000          90.000           1.402e+001          1.402e+001             253.666         -1.070e+002             208.713          4.000e+001     
  -3.000          90.000           1.433e+001          1.433e+001             253.768         -1.073e+002             205.946          4.000e+001     
  -2.000          90.000           1.455e+001          1.455e+001             253.927         -1.076e+002             203.006          4.000e+001     
  -1.000          90.000           1.468e+001          1.468e+001             254.145         -1.080e+002             199.860          4.000e+001     
